10 100
534895718 199900595 862061404 787846414 996406378 127521863 423734972 415968276 670094950 841095289 
3 5 7 8
3 2 5 6
2 2 6
1 1
2 6 9
1 10
3 3 4 7
1 3
1 3
3 5 7 9
2 4 9
2 2 10
1 10
1 2
3 3 7 8
2 1 4
2 4 8
2 6 10
2 2 10
2 4 10
2 7 8
1 8
1 2
3 5 8 10
1 9
1 1
1 7
1 8
1 8
3 1 3 8
3 1 3 5
2 7 10
1 7
1 8
2 1 7
3 3 5 8
2 1 3
3 1 3 5
1 10
3 7 9 10
2 3 7
1 4
1 4
2 5 7
3 3 4 7
2 2 10
1 9
1 6
2 7 10
1 7
2 1 9
3 3 4 9
3 6 8 9
2 1 5
3 6 8 10
1 4
1 1
2 4 7
2 1 3
1 1
1 1
2 2 6
3 1 3 5
2 2 5
2 6 7
3 1 6 8
1 4
2 1 6
1 6
1 3
3 3 4 10
3 3 4 7
1 1
3 1 2 8
3 2 7 9
3 3 7 10
2 4 9
1 2
1 5
1 7
1 9
3 3 4 8
2 1 8
3 1 4 8
2 4 8
2 3 9
3 2 6 9
3 1 4 9
1 5
3 1 3 6
3 3 6 8
3 1 2 5
3 1 3 5
3 1 5 6
3 5 8 9
1 1
2 3 5
1 4
3 1 5 7
3 2 9 10
