20
0 398 315 856 416 210 89 334 67 147 728 164 982 525 83 589 393 149 747 791
328 879 104 78 5 968 812 314 165 479 2 323 208 238 476 867 437 2 242 449
13 61 120 287 62 66 643 7 233 65 41 996 154 242 199 73 20 530 526 240
730 891 735 116 20 328 124 652 478 384 562 1 927 599 905 206 820 82 673 844
91 85 91 932 54 982 24 125 459 1 8 23 500 811 15 618 776 1 204 402
203 87 25 717 909 10 8 96 8 3 16 26 390 17 76 354 187 885 257 109
259 221 105 62 27 567 262 387 576 432 282 460 108 194 822 22 211 272 198 91
395 288 133 224 138 148 996 27 32 827 68 628 953 228 961 681 192 427 12 85
538 531 94 972 356 544 57 27 163 327 890 503 149 662 534 77 11 83 66 286
206 20 977 213 652 556 165 342 1 45 75 220 151 962 357 273 968 993 130 100
873 313 419 398 306 303 19 532 647 616 787 948 628 997 56 427 434 206 958 8
32 285 117 356 430 148 177 697 34 37 23 407 8 378 12 3 833 555 53 996
369 144 163 6 480 970 329 152 10 902 18 19 11 992 390 927 731 32 249 4
294 432 217 29 84 263 632 980 511 2 124 26 21 2 8 342 576 324 389 454
118 38 868 164 547 33 122 57 241 245 18 928 2 9 314 706 151 34 738 697
341 742 229 142 442 100 209 569 252 8 887 215 6 182 516 24 47 195 29 812
694 532 683 370 458 127 7 573 83 218 123 144 253 210 5 327 39 10 109 25
35 22 24 121 1 44 78 115 595 15 501 79 45 678 285 36 185 110 104 183
128 706 307 630 680 3 318 428 201 3 228 127 4 8 31 1 320 978 738 383
114 556 101 799 405 220 477 456 19 811 485 971 440 953 459 49 357 611 747 39
0 5198 5865 14988 6638 4692 1994 8697 1163 2195 15865 2991 10761 11934 1091 11901 9317 1702 12503 19337
6121 10626 1596 1848 112 11819 11383 9303 2857 6354 35 6714 3855 2645 5346 25334 6285 52 4002 5688
229 1747 3398 6256 1274 1799 8468 98 3478 874 556 21170 3367 5630 3708 1997 563 8717 15756 3780
8797 16449 8844 2773 304 7442 3520 18411 9838 7125 7886 17 17179 10116 14632 3361 22698 1765 7063 11179
1504 2339 2402 22104 1020 22816 662 1538 5840 14 236 661 7401 12507 351 13160 16899 15 2681 9168
5325 1451 565 11874 19774 120 227 2266 113 76 274 501 11410 269 887 7910 4541 26016 7425 1630
4833 2834 2263 888 343 7529 4348 7949 11498 9289 6095 10776 1781 3401 11606 427 4426 3522 5034 1592
10851 5457 3825 5687 1551 3422 25638 420 381 18217 845 7561 14972 3219 16763 17864 2515 8170 134 960
12572 13850 2499 20094 6150 10203 597 444 2574 3539 16486 7954 3220 11668 7283 1146 121 2469 911 4366
3434 262 20934 5183 9628 13882 3307 8763 23 1175 935 2993 1542 19262 7997 2762 11698 16854 2604 1492
16481 8291 8732 8775 6071 4816 562 7390 12652 10051 11732 10914 7495 13626 1569 4870 12959 4422 15238 98
551 3615 3496 5511 9990 2960 4813 12540 608 532 615 4451 167 10248 147 64 9620 7911 616 29258
5796 3361 4543 76 7589 17211 6609 3827 109 12994 473 549 251 11477 10060 15369 11861 477 5038 103
4653 7378 6043 551 2501 7117 11187 24711 6218 47 3532 556 314 41 184 5131 7784 9428 7618 5042
3341 472 24699 3101 10468 921 1912 596 3032 3941 195 12791 28 171 7501 15942 2294 824 20862 11206
4743 18306 2414 4162 7630 1298 2368 6529 2577 143 19735 4750 99 2659 7001 608 1081 3320 388 16527
8359 12512 15614 7071 4991 3204 142 9065 1152 4564 2929 4129 6272 5440 67 7596 1143 288 1646 649
749 420 529 1552 22 1215 1865 2263 8563 258 10956 1239 665 7845 8165 390 3462 3153 1301 2990
3472 20587 7877 15971 16407 41 4569 11012 4203 54 5367 3530 94 211 927 29 9467 15040 17357 11390
1432 15361 2297 15997 5429 2284 4883 12289 547 20473 9249 24982 5290 10840 10360 934 6417 9858 15225 701
