20
0 10 524 14 753 37 585 16 680 45 106 52 5 269 485 836 223 101 343 721
145 103 70 154 183 101 363 717 288 16 284 581 254 379 596 530 492 539 583 335
401 462 211 24 689 786 904 241 35 286 69 318 79 43 653 151 745 854 213 486
75 145 373 378 268 848 204 858 671 87 3 477 989 390 349 320 2 448 356 411
436 557 13 197 450 137 94 560 578 35 86 178 116 121 279 108 246 2 446 510
55 540 389 370 439 982 431 339 387 136 8 579 251 587 25 537 674 373 47 439
863 581 76 8 499 362 401 990 888 11 316 84 108 351 459 268 9 38 236 205
817 521 732 140 992 66 39 789 359 821 75 185 21 994 245 289 15 24 819 292
908 812 275 73 603 200 152 85 101 555 47 34 49 795 275 358 152 12 5 945
13 37 77 24 57 632 652 483 277 542 146 774 277 2 71 992 602 828 46 253
202 5 9 666 10 76 811 769 534 308 991 216 333 497 260 445 677 4 942 644
218 618 135 162 129 407 582 40 88 762 29 794 152 54 24 14 234 232 339 25
337 46 973 4 307 11 46 303 484 344 245 64 16 679 246 152 241 368 548 8
482 29 240 724 131 57 43 12 388 78 127 736 459 154 420 9 89 39 335 77
605 285 405 212 413 356 566 17 312 16 375 286 158 724 378 231 197 117 899 96
14 73 314 110 268 725 336 396 113 103 162 6 115 415 710 25 137 587 668 939
713 818 3 442 85 939 146 22 146 923 847 829 193 1 162 2 744 707 747 392
937 3 740 602 238 239 116 90 852 35 284 11 2 13 56 395 731 727 15 339
28 290 765 6 13 454 971 17 683 115 885 60 27 604 76 83 938 71 263 582
604 154 318 405 610 372 998 235 123 711 551 788 71 348 201 544 263 953 211 956
0 165 11286 371 9817 919 13492 458 15941 755 2505 678 147 3183 8892 8805 3741 2392 5825 19905
2124 1313 2052 4389 2484 2938 5218 20812 5296 221 6939 10769 5898 10774 13578 10873 7446 10029 7214 4125
6335 13810 2281 273 15792 15275 24672 4598 982 4400 1713 7525 2125 1156 10735 1771 9529 8816 4428 9467
2243 3507 10627 10687 3432 13736 2762 17451 14581 2007 50 6203 15813 7393 7405 7677 55 5446 8244 11786
12528 14536 370 2386 8176 2933 1640 12250 14267 875 1460 3554 1590 1272 3411 2193 3121 32 10017 6683
1274 12547 10904 4382 4400 14343 11934 9870 4467 2396 218 10266 6849 12111 422 6896 8816 4189 576 11465
19329 12225 1092 179 8601 10500 10324 28284 25824 229 7836 1818 1518 6104 13671 3793 142 906 6464 2538
18574 12798 8147 2351 12724 1345 690 22298 7357 14600 2147 4577 508 23054 6527 7375 243 572 13836 6309
25134 16809 7130 1085 16727 4756 2519 2311 1708 12859 995 464 1381 17775 2865 4231 2423 142 112 21570
216 894 961 716 1187 10316 17562 11346 5813 8199 4328 21171 4498 51 1341 20236 16046 23829 648 3379
2239 147 165 8822 191 2208 20083 15701 9082 7596 11286 6130 6101 11369 7539 12166 12025 75 19178 18884
6460 13357 1359 3543 3669 11571 11030 876 1286 12843 742 17071 1654 1143 441 341 5903 6500 8137 263
9956 528 17734 104 4951 162 628 4413 7206 8831 2682 1003 309 15686 4489 4328 6515 6991 15263 157
7233 530 2455 20572 2414 854 651 314 4828 1332 2454 16978 8722 1832 6253 109 1017 1117 6636 1684
18147 7492 6429 5699 10145 3628 13283 486 8090 440 5304 7526 4715 14263 10394 5736 4137 2566 12841 2354
330 867 6068 1417 6441 15402 4601 6559 1570 3074 2549 76 1915 8808 19666 487 3507 10916 10450 26594
10970 12138 61 6252 1129 13039 2843 390 1557 24958 9466 9870 4218 23 4333 23 11098 16893 8171 5411
21886 60 7854 9508 5915 2715 2904 2017 13951 1000 3833 241 24 176 569 4106 14596 20023 342 3734
703 8235 12566 160 331 10797 24774 272 18839 3233 13836 646 306 7196 1939 1486 10476 1293 5660 6724
11344 2586 4111 10979 8810 6172 23335 3592 3666 20903 7360 15601 1849 8120 3876 8278 6008 13938 4075 19886
