20
0 390 7 940 811 235 331 589 640 312 227 246 553 359 888 312 498 557 536 877
529 252 586 21 1 418 516 44 236 206 363 1 15 891 812 83 9 144 875 4
29 510 687 311 511 237 208 855 109 12 16 329 282 688 287 147 689 767 138 402
260 872 240 494 64 550 883 927 630 106 83 569 410 14 331 621 689 532 34 678
52 714 114 54 8 491 6 784 694 184 365 900 634 18 571 228 248 15 430 141
50 222 5 545 831 977 160 279 96 633 6 174 288 208 48 42 773 520 3 497
3 793 78 82 482 384 174 130 235 312 369 408 926 65 67 776 12 19 19 186
71 917 719 196 62 580 986 552 665 332 8 673 159 124 111 928 69 787 205 11
140 607 551 604 86 93 71 204 633 605 167 1 397 873 70 173 27 250 331 5
466 433 552 267 618 196 312 257 968 2 563 783 550 9 332 716 53 54 97 28
151 198 744 57 466 44 300 100 917 133 798 11 471 4 907 103 10 334 273 453
251 237 590 165 82 145 389 85 131 411 625 10 5 226 547 6 798 224 95 584
632 206 233 150 256 369 29 197 364 473 17 391 11 55 362 712 381 113 592 153
127 621 13 481 61 621 166 829 99 178 97 113 17 352 429 153 339 44 832 897
28 100 454 85 12 283 57 640 202 167 519 695 73 50 70 330 17 150 631 519
35 554 445 965 438 279 469 692 66 763 18 226 156 926 340 15 33 35 76 310
112 158 214 410 208 43 679 374 940 259 2 14 617 370 623 613 40 115 590 797
524 203 409 754 774 97 421 73 636 38 87 851 301 652 285 278 100 126 257 118
2 13 919 793 504 297 289 12 635 394 82 743 89 349 901 902 901 4 18 432
796 274 11 552 771 94 301 223 175 586 70 906 59 424 20 643 38 96 751 5
0 4135 166 23568 14561 5906 6570 12515 11956 9288 2622 2549 10874 7145 13219 4150 13716 8228 7123 19003
11657 7092 16360 349 23 4456 7226 799 6418 3844 10277 18 270 15041 21811 1899 153 2030 24317 69
770 12261 7909 3852 7666 3049 2674 19417 1274 188 412 8158 7120 20368 3432 1774 11131 20293 2410 7108
7470 18490 4364 11488 695 7173 25711 18882 13653 2771 1635 13036 6967 379 8620 11175 16958 11993 491 20268
959 13094 2114 1220 124 5211 76 10147 13708 5194 8084 15794 7133 386 12621 4389 7053 229 8789 2727
1137 5786 107 12926 20369 27106 3856 5226 1786 14308 131 4268 3170 2738 1135 706 18877 12984 72 6329
53 12316 1124 1408 7736 6457 3095 2695 6671 4577 6722 5230 21218 1797 1670 9001 352 298 558 3322
1795 22865 16818 2453 1183 13195 18656 12518 11945 6285 155 16537 2541 2692 1907 23134 1752 16449 5990 254
3860 11606 10443 11040 2092 1824 1549 5946 10540 11855 2283 11 10239 25397 1356 1912 485 4619 9092 68
11149 4899 9923 6206 14487 4731 6674 3804 10223 20 14723 18393 5719 160 6819 8431 1217 698 1402 286
3387 2654 19109 782 11376 740 8900 1191 25770 3566 20801 229 10285 107 13976 1638 191 9483 6947 10682
5929 2920 16599 2386 2060 2830 9240 878 2317 7877 7075 105 51 2829 14489 170 11676 3556 1420 9742
15053 3249 6800 4031 3183 6953 542 3937 6638 9463 452 5088 251 1304 3795 16047 8667 1507 10226 3044
2623 14583 367 11299 1813 14389 2629 17987 1854 2235 2355 2019 272 5236 11257 3305 6051 1034 13981 16209
567 2432 8987 2519 335 5108 1014 12212 5446 3870 6079 13072 1241 740 1472 7211 311 3932 18234 7320
693 13897 13265 20367 9026 3431 11879 8927 1330 17614 256 2996 4398 25384 5967 407 706 389 1193 7703
2920 4412 2178 9703 5336 1171 11820 8368 10269 4929 56 180 16441 9399 9530 14761 785 3127 9608 21365
6102 4186 7377 21545 13459 1975 10910 1315 8941 703 2260 17061 8009 8014 6820 5834 2930 3708 7457 2651
37 370 17209 17366 10057 5086 7499 271 12042 9615 2208 14414 1972 5084 13183 15738 26492 95 499 9808
18534 5576 240 6936 20149 1889 5513 4591 3000 13242 1485 19461 1218 9793 416 8437 405 2386 8014 92
