20
0 327 164 557 766 972 20 3 423 923 2 3 275 141 47 16 195 408 264 246
140 704 743 82 14 408 966 11 80 925 231 30 40 335 308 210 368 194 62 250
352 637 66 42 940 5 317 78 606 50 612 5 72 602 65 452 888 357 43 706
44 74 182 330 609 978 61 854 467 338 126 46 264 225 320 7 37 639 92 151
288 35 247 550 566 19 915 249 31 254 246 639 67 534 410 18 71 745 644 15
502 359 164 301 321 80 16 351 92 6 210 10 412 806 944 176 356 37 707 528
103 4 70 390 666 984 274 849 16 85 703 3 72 33 291 747 331 461 100 349
184 149 238 997 77 909 521 473 983 652 168 169 248 108 196 2 68 23 96 770
4 9 853 706 297 900 519 137 6 537 912 64 11 400 47 19 352 750 735 780
620 27 165 738 221 238 486 311 823 336 373 929 8 728 636 203 517 14 106 244
97 83 840 146 192 58 102 26 2 70 368 9 602 730 545 19 108 506 262 319
8 878 434 732 3 476 4 619 78 545 129 370 449 485 19 556 744 584 529 258
454 116 226 719 18 61 2 723 822 117 865 607 257 492 22 95 690 1 54 749
554 264 167 138 946 10 1 3 35 466 274 26 45 236 326 373 166 454 519 543
181 34 871 111 2 67 31 213 355 516 463 1 462 74 129 210 234 349 3 48
570 248 277 390 58 113 292 17 713 562 627 197 358 671 26 43 360 680 4 507
26 266 425 45 337 787 345 864 137 273 475 84 501 284 133 602 457 210 394 289
865 89 715 560 264 5 180 221 552 2 92 772 42 578 200 285 940 2 259 182
524 154 52 25 94 526 58 48 893 312 62 564 10 94 30 57 73 123 23 127
83 420 169 670 363 292 544 128 23 228 371 605 2 329 9 3 990 718 862 541
0 7036 3367 5906 16902 25397 297 86 12575 11387 24 63 4522 3611 612 218 4887 8602 7219 4211
1473 12179 18079 2070 411 5102 26710 280 2385 13289 2962 313 879 9096 7748 2405 5770 4269 961 6360
4169 9666 1550 698 28003 73 6415 2288 9298 1445 14652 138 1270 17657 1188 10719 15243 3617 872 11420
1051 1278 3578 7467 12162 15734 1333 8702 12848 4976 2630 654 7437 4194 4361 102 794 7245 2604 3055
5443 534 6291 12270 8611 501 26489 4812 454 7409 2659 6853 1027 7834 12242 244 1181 15104 14426 211
10075 8511 2784 8674 9230 1995 474 9459 2095 70 3214 157 7217 18533 13569 4887 6165 415 10902 10807
1933 72 1711 4074 19419 21953 3109 15930 270 903 8477 84 1687 842 3607 18591 5200 8235 1131 4006
4334 2870 2696 10670 1660 22237 14069 5699 21400 12616 2442 4721 5617 1680 3685 51 755 523 1549 17889
42 211 19536 15806 6572 20370 14960 3409 94 7249 21331 1660 199 11005 1138 220 8269 12292 13775 16592
18053 799 3506 9134 4082 3693 12218 5673 17272 6243 9223 26278 234 15931 16015 2392 12712 166 2192 4362
1829 2265 20513 2561 3984 760 2215 778 31 1753 5158 177 14926 13829 8945 558 1687 13284 6924 4919
213 12803 5596 12641 70 13527 62 11458 1863 12301 3148 4885 12339 8666 254 14741 10127 7145 9160 3339
6015 3416 4085 8275 210 725 34 7829 8657 2591 16339 9531 7203 10434 445 1385 17432 16 679 20611
14364 4626 4782 2847 20154 285 23 36 723 7872 4907 293 797 5992 4646 9886 3734 11137 5482 6427
3318 469 21950 2631 41 1269 730 2510 5554 7575 12121 27 11579 782 3495 3336 2611 10309 74 890
13705 7303 6322 5614 778 2584 3571 298 16198 10628 7236 3249 9170 17884 720 542 8559 18050 104 10915
352 4321 8452 803 9016 19190 8013 12811 3957 6738 9213 1736 14883 3984 1863 13598 6245 6055 9143 8208
21533 2474 13805 15572 7864 76 3071 2317 7644 42 2603 14283 1179 11661 2381 8130 13844 58 3332 2440
15649 4350 1112 496 2180 13588 1504 1298 21603 6138 733 14997 252 1237 317 1604 1707 1863 616 3676
1287 11720 1944 16289 4026 4547 12381 2521 314 5689 6341 6793 52 6369 178 83 14900 17346 23447 6561
