20
0 388 670 556 46 658 291 791 264 34 2 9 11 64 220 243 222 946 13 156
500 155 99 110 65 335 28 15 8 106 14 628 388 665 12 349 898 353 498 187
389 374 6 395 662 576 584 42 629 5 254 59 58 133 26 434 865 71 374 999
630 120 727 974 789 594 173 12 255 169 44 9 965 26 401 45 150 27 953 216
564 40 13 135 35 2 541 18 105 86 197 2 502 65 903 52 220 7 290 3
313 81 9 109 534 91 6 139 263 620 311 5 425 206 18 565 105 5 420 53
339 37 28 2 622 795 338 940 309 864 51 425 560 6 480 273 954 887 24 28
2 733 37 130 155 400 9 187 871 12 45 678 575 196 230 330 62 889 15 925
387 777 713 382 938 13 64 6 429 257 321 166 143 404 398 172 913 164 323 252
153 396 13 166 930 18 193 330 83 33 858 95 230 598 992 446 196 508 3 187
616 163 110 15 387 154 850 802 536 341 607 790 192 600 390 484 75 614 12 587
244 585 35 367 530 388 50 181 45 155 210 214 12 389 99 237 452 287 549 867
18 267 6 783 6 410 914 409 55 805 417 943 918 614 174 26 7 478 204 416
9 913 878 17 430 301 275 754 8 89 361 41 336 11 748 583 150 22 428 394
270 370 822 599 818 290 619 73 421 814 1 54 324 726 509 350 37 433 193 596
58 21 844 822 670 280 168 309 140 597 33 15 123 6 120 2 208 357 4 996
524 5 866 179 147 9 335 104 87 18 957 190 269 182 750 381 83 512 445 6
302 459 155 101 800 19 261 302 316 477 687 853 139 187 811 619 13 936 346 557
150 797 39 355 18 41 191 132 37 681 370 49 12 765 4 612 154 929 494 646
183 4 920 467 398 176 369 8 40 714 191 829 717 303 199 387 416 185 897 391
0 11628 17859 15900 1171 15147 6456 19926 3811 663 54 268 161 1176 4364 3665 2617 19613 203 3025
14647 3085 1415 3054 1033 8553 414 271 111 2166 405 16144 5927 8732 352 6010 18842 7294 5713 5175
5167 7426 89 10493 15363 15211 6933 738 14672 71 7245 1725 784 3865 574 12422 23236 1365 7665 17436
11030 2765 16208 14235 22843 12804 3344 191 3321 2626 742 232 21150 400 8412 851 3995 586 10513 3779
10591 689 364 1807 575 29 14662 447 2879 941 5695 49 13578 1632 18804 1357 4975 146 4606 64
6030 1430 182 2132 15653 2120 105 3034 7116 6557 6360 116 8706 3129 251 16105 2441 121 12479 1347
5857 798 732 53 6726 15615 5539 17581 6619 10408 1227 4430 13508 140 5429 5752 20265 15782 720 342
46 19283 724 1864 2602 5164 160 4390 23279 323 1285 13405 6773 2495 5395 6480 1349 21852 243 16668
4671 14567 8884 11336 13769 218 1775 123 11049 2985 6878 4079 2787 8792 8683 2664 22409 3143 3413 6140
2655 9780 247 3593 16732 284 3201 5569 2418 466 12719 2041 6340 14174 23084 6461 3457 6202 70 4095
6488 3444 3189 227 5221 3912 20853 12930 11144 9473 12935 19105 5072 10712 6028 10826 883 8316 144 8743
3578 13353 709 5604 8529 3929 1458 4357 636 2261 3056 3492 248 4884 2301 6512 6620 6014 14178 19120
411 5345 168 22344 84 8102 22161 10619 1405 9662 9735 19997 23687 16143 5124 458 101 12906 2508 5206
184 26208 20413 311 7108 4869 3133 9165 229 2443 7429 416 5291 239 22207 13618 2004 331 8190 6286
7191 7802 20482 7252 24501 6315 13053 1319 10657 20704 14 1226 7190 15775 6669 7890 1096 8343 2918 6180
774 327 23734 14434 13085 5487 4478 7787 3683 15920 760 423 1670 155 3599 48 3427 9483 114 26388
13866 104 24725 3720 1823 154 7674 2519 1370 294 10975 3836 5990 4790 21562 5355 2337 7349 6108 124
8408 13568 4409 1442 9100 544 7425 3622 6076 6239 15621 19021 2926 4560 21333 8186 154 26834 9373 13012
4266 19763 1130 6039 210 1086 5312 2567 925 19683 4268 1173 213 12649 41 17964 2561 25186 7283 10830
5389 93 22137 12609 10218 2496 10200 183 1140 21390 5690 10582 9787 4515 2147 6460 5181 3355 9585 11030
