20
0 258 816 443 232 693 249 978 243 30 289 401 41 221 286 21 810 816 131 342
225 873 4 26 96 860 996 542 754 861 231 844 722 77 634 5 321 618 569 16
597 450 6 743 172 183 2 18 2 770 724 354 231 615 928 120 205 924 783 175
17 284 71 16 365 1 90 206 154 18 597 642 4 121 309 114 200 148 582 562
607 3 242 108 13 352 149 64 785 287 587 473 822 24 650 890 28 559 6 27
593 598 47 87 23 265 10 20 12 132 267 247 53 238 113 546 3 200 315 147
453 472 53 446 484 271 11 211 33 391 33 130 328 423 166 877 857 885 17 1
646 544 603 705 194 148 49 38 756 455 567 909 59 796 706 181 6 955 464 330
89 828 267 144 948 326 304 41 126 233 995 455 401 567 710 953 959 38 298 175
727 777 266 343 24 484 717 320 15 227 64 215 106 308 588 8 515 814 23 3
49 165 697 504 170 87 483 711 447 140 393 764 1 190 466 689 21 397 118 190
322 8 294 438 79 89 52 19 519 12 16 21 201 421 674 11 16 155 78 300
49 169 700 561 78 22 211 440 3 275 80 211 133 988 308 33 704 1 764 231
196 440 292 16 29 667 232 46 756 420 56 224 482 868 441 7 24 32 87 350
780 857 629 10 37 857 936 751 26 440 571 16 133 7 68 35 698 16 490 531
322 233 327 132 160 972 268 485 276 917 346 850 5 232 319 154 126 18 389 19
876 328 48 965 588 468 42 406 898 8 78 19 34 464 2 431 317 76 163 937
838 36 841 352 481 91 444 18 560 152 157 3 792 30 4 272 5 81 147 716
692 780 1 938 91 57 675 224 13 750 152 515 704 685 364 36 51 247 336 514
15 961 333 251 31 770 26 113 712 7 98 151 876 21 41 836 111 38 192 11
0 6246 16926 5164 4687 10262 5517 21013 3902 365 5400 5112 913 3979 7552 615 15036 22702 2582 7314
5762 21735 111 282 2665 14548 29513 11953 13949 22043 6015 22348 14902 2290 6740 79 5869 7287 14490 366
8539 8069 174 12332 3834 3188 21 369 38 14088 21707 9218 4079 15238 18813 1845 3918 19870 19198 3644
425 5581 1599 364 6843 16 1120 2420 3796 250 12408 12382 100 1823 8257 1821 5341 3424 11377 9941
7840 70 6040 2736 151 6425 3352 1316 21869 5846 15525 9510 14369 347 8263 9470 485 15932 163 326
15341 13954 780 983 571 6917 251 440 169 3819 4194 4987 1130 7090 2627 6198 85 4450 9183 4036
13569 12066 1308 10219 14483 4932 176 5468 536 5802 934 3780 8146 8643 3390 11782 11193 17697 274 25
17932 5666 11223 18863 4656 1672 877 876 8150 11412 13991 15617 1106 12492 17545 3764 95 24361 7342 9788
2443 18303 5098 3385 23259 7701 5243 1118 1339 4424 27360 8027 5225 8517 14139 15808 12151 1090 6965 5070
13161 10414 6396 4750 490 14303 9658 9590 428 3334 820 5136 1544 7791 10312 240 13783 10648 467 64
1125 3016 15241 10932 3159 2370 13494 16922 13257 2029 10066 21294 29 3074 9202 16494 254 10072 2540 2174
3556 191 3848 10721 1098 2507 542 424 9145 209 284 212 3708 7839 17289 234 173 3956 1318 6365
640 3693 11705 9932 1386 521 2859 9938 76 4091 2241 3298 1558 18228 8702 474 11122 24 14039 2633
4271 6991 6325 330 423 19367 4396 584 13720 5902 1088 4803 12060 13537 11651 127 701 449 2380 7240
22597 24096 15703 277 676 14319 13835 18697 675 7804 16214 160 3754 162 1391 787 19791 341 10390 7062
8589 5303 7717 1366 2996 26462 7312 10260 7083 10184 9275 19854 142 3047 7716 2671 3340 330 9301 244
11179 5735 513 17166 15266 11134 454 4159 14279 222 1170 469 377 9323 22 10027 4136 1070 4327 16003
21718 706 20490 7290 8482 1655 5169 247 7955 3846 4366 62 14085 712 95 3885 83 1778 2609 19341
7624 13824 26 24157 1212 1061 13593 4375 215 20762 2993 6994 14501 13610 9777 750 1273 6428 7150 5245
196 20777 9681 6153 884 19157 326 1477 10081 128 2806 2810 25278 405 997 22197 1800 1099 3521 170
