20
0 3 908 44 257 501 191 439 949 465 288 106 66 519 318 596 8 11 813 141
93 4 426 926 600 17 33 603 148 261 299 214 29 204 282 557 41 835 1 14
62 242 576 210 4 183 8 838 828 61 5 660 263 878 442 287 132 914 5 673
686 580 344 822 502 452 802 788 484 366 449 952 605 288 205 274 685 26 903 29
2 376 593 854 576 754 591 752 2 226 21 324 276 292 65 79 749 933 836 215
876 421 48 242 578 97 625 204 798 250 137 143 1 2 924 127 46 742 950 122
858 88 329 75 791 299 456 277 295 955 172 217 259 290 41 393 85 216 19 41
90 333 7 212 267 228 243 862 780 578 61 64 652 375 692 214 37 528 341 74
5 42 223 479 192 233 794 849 548 319 738 614 223 161 48 39 447 96 363 245
59 2 243 66 445 427 72 351 227 771 49 265 83 40 438 587 730 584 593 54
3 831 11 463 175 855 713 9 423 52 650 39 25 691 324 98 384 227 388 180
267 190 219 858 14 403 217 36 38 44 1 400 841 28 361 296 173 654 20 290
20 648 556 18 900 567 37 730 917 41 18 813 378 858 857 64 681 36 213 555
657 76 628 466 388 61 530 8 103 669 139 46 6 925 277 254 901 3 960 797
650 898 549 162 21 8 335 232 809 489 247 879 289 152 86 457 162 66 5 557
80 915 438 784 186 108 93 381 365 138 347 788 517 168 656 810 117 988 264 25
474 954 27 264 218 18 167 704 351 304 11 902 5 91 18 324 1 631 44 680
222 500 9 439 71 70 32 967 73 2 976 501 655 825 124 117 598 79 640 6
57 799 68 686 237 17 35 72 95 92 11 7 65 913 917 396 119 16 25 146
34 462 77 19 1 472 33 191 285 501 29 499 270 511 694 308 252 416 888 311
0 62 14234 801 6806 14935 5284 9099 23544 11313 5333 1947 1577 9291 3506 11700 151 118 16715 4020
2785 57 12270 21047 9000 262 349 9939 2569 4103 4636 4067 582 3656 5412 16000 1094 10533 13 339
863 2450 9450 5622 64 3716 222 19293 16836 1061 95 15329 6124 21946 11497 6628 3308 11214 90 14099
19861 8437 5471 16535 10420 8262 14261 9487 8529 7486 4706 18590 14400 5190 5831 7629 7036 269 11835 621
40 9860 10062 12258 10213 19539 7974 13623 51 2573 292 9445 8147 8320 1296 1492 8850 9473 17899 2875
20749 10554 763 6302 14560 1364 8786 6088 13083 6348 3899 1564 30 57 18604 2923 758 10148 25500 1492
9395 1250 3915 830 17730 7223 10274 5198 5481 17493 3729 4825 6568 6671 755 11665 2238 4241 488 1132
2252 3497 117 2386 7709 2675 4252 14770 19558 11788 794 1788 16641 7728 15139 2534 630 11583 5734 2036
129 518 4764 5692 4892 4746 10438 19628 13440 6750 9780 10744 3574 4543 950 826 7265 1846 9591 5710
1153 31 6723 843 10825 11803 1368 8386 3634 18359 1319 3774 1789 742 5660 10472 10512 13779 17356 946
32 12315 306 6526 2180 19359 17226 227 7519 974 8573 818 480 15974 6140 2889 4451 3451 5290 1811
6392 2753 2704 16300 302 4761 6110 805 1056 605 23 6028 12496 405 10810 5899 1982 7177 206 3616
515 11313 10803 394 9191 13349 746 17847 25838 973 195 14790 6725 15430 14419 1744 10452 944 3646 14350
7149 1014 10550 6399 4112 1673 9351 108 2928 7922 1962 779 141 10224 3284 6471 10762 34 10814 8724
10004 22037 6932 1736 367 202 5314 5691 13819 6410 5759 23103 3822 2717 2068 11313 2000 1944 92 12228
1890 14866 12307 16072 4893 3025 1409 10981 10577 3645 3930 10679 13591 2930 12412 17604 2471 17261 7165 446
8713 26084 367 5791 4524 283 4172 15127 7221 7804 232 12516 81 1359 249 8508 10 12225 806 20156
6298 12058 264 6132 2025 1495 590 17135 1564 23 21775 6382 7647 24182 3418 3074 15032 1408 11156 96
1204 18581 2009 19998 6636 368 485 785 1274 2474 327 150 1051 15255 19854 7830 3438 240 451 4019
746 10348 826 477 20 12051 634 4502 5786 14410 651 13540 5403 5811 8955 6062 4956 9650 13699 7078
