20
0 163 461 128 79 71 2 330 303 6 534 11 231 174 654 994 122 806 954 391
453 238 6 348 701 424 930 589 56 514 315 929 361 11 364 43 682 661 515 3
55 785 71 151 72 48 79 703 4 13 581 7 333 680 50 55 755 774 116 18
932 700 199 529 542 529 197 39 3 372 172 152 24 430 7 666 490 511 1 67
41 571 345 469 943 776 46 901 22 197 59 745 937 898 20 76 528 339 377 174
585 118 177 912 238 278 236 139 678 519 856 789 250 943 378 322 766 186 708 628
258 502 482 27 137 972 750 345 602 959 150 745 27 416 675 13 183 84 332 2
827 306 514 560 147 413 647 7 302 110 366 551 8 73 251 408 676 53 29 33
408 758 149 43 873 838 24 20 58 693 505 867 105 91 1 747 539 16 530 722
392 11 2 126 22 12 875 55 1 741 29 664 60 596 621 325 487 380 980 544
16 490 73 912 407 502 568 442 585 58 439 438 330 51 530 816 100 638 307 413
369 433 768 60 587 9 420 3 775 30 1 581 717 607 365 213 13 548 295 202
755 572 18 907 840 366 875 14 279 815 159 265 461 444 373 10 832 862 5 186
67 86 993 173 239 172 860 249 60 148 9 856 13 1 575 215 38 82 520 319
291 436 283 125 376 594 97 990 34 13 128 98 531 404 886 220 444 743 657 173
522 5 868 93 476 993 238 360 384 70 352 11 33 511 377 250 15 59 169 493
422 410 239 118 235 841 180 163 246 267 357 159 803 480 155 305 279 363 695 365
738 336 264 7 53 201 514 51 112 73 232 632 300 319 87 468 215 3 221 15
15 18 211 365 480 753 86 911 5 58 72 247 115 655 588 583 132 978 16 422
849 39 92 2 173 728 71 842 403 20 62 297 609 269 345 3 582 238 980 142
0 3248 12918 1691 1255 2065 56 4845 7638 155 9815 123 5944 2718 18502 22417 1421 23749 25887 6243
7455 6741 122 4971 11443 10484 14852 16735 1496 8406 8421 15599 7050 201 9707 1141 11232 13336 7097 35
716 21441 2021 2660 1624 1158 1617 18543 92 131 16580 115 8334 20106 1009 1403 19033 14312 1355 194
13107 10227 5026 5729 8469 12904 3818 817 86 8026 4586 2122 440 12099 106 12017 9136 13332 13 1679
473 14065 6066 13793 19834 12460 1198 14941 520 3152 1592 14914 9962 12400 318 1176 11910 7989 7097 1893
11992 2394 2201 21926 5639 3900 2883 3094 15017 5703 21346 21824 3134 27041 10762 7031 9760 5052 10497 17124
7380 13307 6476 281 3726 19365 10825 5016 11923 12379 4162 9996 428 7516 11899 345 2993 1178 7484 26
21234 7957 14293 10602 2020 4484 8879 102 4616 1226 9260 5742 188 1744 7137 9235 14045 550 595 499
8614 9558 2945 766 10637 10546 489 532 1731 15528 5469 25878 1905 1553 16 14220 8371 390 15210 13120
11052 286 50 1447 425 215 10613 1479 19 21860 498 8346 1153 7308 6710 4276 13948 4641 16135 10203
461 12248 1089 10345 7325 12796 15862 10840 9805 1586 7274 6711 6432 793 7404 16219 2571 18751 3131 12271
5166 12346 7926 1406 7758 222 5476 62 15238 739 20 15219 14408 9139 5367 3723 353 13541 5680 5668
9759 16093 359 11110 18717 9067 17805 230 7316 22278 4338 5218 9956 4984 10315 184 11635 11396 81 2777
1149 2569 20326 4574 3292 2605 17003 3200 643 3575 243 21245 256 17 14087 5022 427 2282 12955 4605
6205 12758 6116 2495 9192 13850 2181 14035 530 194 3112 1279 10787 7175 13082 3664 4759 12216 8738 4628
7536 63 17269 1084 9191 24735 6861 4740 4974 1929 7648 133 427 6234 9064 6025 205 1496 3384 14776
12363 9516 2584 2711 2354 13629 4492 2984 3463 3246 5801 1940 15706 10277 3861 8772 4153 5640 7285 4176
19103 3809 5800 82 1464 4965 8993 1466 2246 1278 6897 8192 3678 6521 2573 10646 5059 74 3663 425
215 286 4251 8797 6841 14599 1259 20038 79 1379 961 4141 2735 18515 9614 9349 1740 26240 479 9749
18205 705 1167 20 4028 20946 937 14748 5615 572 1156 8576 8507 4991 8724 76 16606 5497 14103 2160
