20
0 2 214 169 56 250 136 330 891 125 699 942 5 89 93 140 360 732 17 283
101 527 451 34 2 954 886 336 596 34 388 173 109 123 561 629 40 8 567 42
64 4 164 935 831 23 75 250 526 758 301 16 169 109 13 885 977 966 560 143
304 436 249 429 65 710 757 768 701 348 99 376 278 312 660 32 141 11 292 254
31 6 148 690 996 991 43 480 220 100 146 403 21 587 2 55 121 4 271 3
551 766 605 852 993 318 2 171 943 570 212 211 216 177 726 213 306 556 310 564
257 773 456 457 85 157 713 491 633 24 326 61 28 375 30 354 462 481 957 328
107 29 5 482 622 974 487 385 967 943 142 692 143 740 616 499 575 50 99 126
780 16 21 13 824 41 630 432 114 777 356 67 126 158 963 179 237 685 126 637
129 719 16 552 70 795 140 54 498 455 1 382 339 577 32 698 342 933 779 954
72 2 866 63 746 350 999 313 499 748 25 332 600 2 656 292 506 370 389 270
192 162 349 6 82 665 990 515 198 206 966 332 393 245 10 581 957 171 318 696
165 645 733 228 91 2 488 106 48 8 850 640 677 238 269 176 179 57 991 116
592 29 12 633 549 61 14 3 725 147 22 237 537 542 440 657 524 22 412 33
835 102 98 11 38 238 5 219 839 693 329 863 103 849 43 641 16 920 224 94
1 19 251 100 669 77 322 959 955 289 975 1 40 592 591 438 790 11 940 488
5 125 959 240 653 4 803 741 190 830 476 406 89 472 315 149 819 76 61 350
749 74 200 9 87 31 142 200 205 7 656 638 380 838 958 596 2 469 38 251
977 878 220 7 786 20 92 478 97 22 57 739 128 299 88 331 108 5 297 445
288 183 1 88 535 2 95 513 35 133 102 492 16 187 721 778 560 256 4 771
0 21 4813 4365 1089 6878 2334 5489 22335 3332 14468 20551 112 2565 2026 2876 4696 9343 445 8298
1818 13134 6466 767 51 28618 22131 4674 10476 510 4075 1933 2398 2523 5679 12512 573 177 9758 1138
1265 110 4101 17755 24365 622 2128 4483 10638 9554 7208 221 4142 2132 313 11372 23691 25737 15669 2176
4361 12498 6880 10047 764 11716 9063 11137 16206 5636 2890 7567 4982 3715 13576 422 3447 188 3433 6709
781 89 1593 8225 18121 25778 631 5772 4747 1756 2920 4879 345 8201 20 875 2252 70 7959 56
9468 16335 10642 9285 15545 4549 32 1904 17282 6157 3427 4008 4731 2181 21547 5849 3192 11379 6815 13367
4795 18408 4634 6881 2505 4143 10511 14052 17337 412 9485 901 722 7963 559 8706 4998 6377 23695 6272
1148 356 138 14241 8566 25249 14569 6845 16128 27672 4256 11343 3261 17068 8123 12775 7071 950 1793 2216
16429 186 560 162 18057 960 13269 12500 3333 15977 5330 1082 1429 1901 16722 2842 3311 17722 2824 7927
2026 10059 270 7660 1327 21875 2306 1015 10714 10514 23 8485 3886 15201 732 12564 3580 10409 18343 11807
800 48 20826 999 8072 3709 20214 9023 9497 20976 538 6328 17443 29 9630 8247 10560 7746 10954 4960
2988 1863 8401 147 1584 19173 29180 15369 5217 2364 10987 7718 5645 5743 145 6884 24069 2767 6072 10393
3317 7504 18440 3475 2612 39 11684 2081 1270 225 10652 8444 17096 5664 7448 2949 4995 1158 10571 1526
9618 800 204 17781 6024 697 250 71 21014 2956 592 7090 11214 7978 9949 11938 8652 346 5525 654
20182 1597 2239 206 525 4936 90 2892 23861 14680 5949 17719 2507 22868 462 17458 356 14980 4653 1338
14 400 6159 1601 9794 1760 4022 13116 22888 4782 25126 24 683 17594 15442 12425 14683 206 16231 6218
143 3544 15903 5830 17921 60 23884 18697 3982 18083 9604 11275 2321 5534 3388 2244 22250 1988 886 8176
17254 1559 3747 193 1924 584 1702 3723 2128 93 8770 8683 6477 10091 11874 16253 38 13223 613 5717
17562 24610 4137 86 10951 436 1950 10937 2165 403 592 16930 1440 4442 2012 4560 2073 87 5923 7841
7072 4028 21 1128 5893 38 1183 10032 948 1955 2189 10049 428 5419 16902 16035 6275 5980 110 12553
